3801031 11344 17 8
2961191 11285 17 5
2267870 13952 17 9
4695014 13758 17 10
4758026 14177 17 3
3472589 11986 17 10
3301446 13504 12 6
2047345 13891 12 8
2647777 13525 12 5
3082619 12667 12 3
4565520 13319 12 8
3545178 12608 12 3
4979031 14629 5 8
2280034 12420 5 2
3206737 12690 5 3
2669029 13704 5 1
3153852 12502 5 1
4825027 12089 5 1
4148682 13410 15 6
3930345 11241 15 7
4974313 11660 15 9
4773230 13133 15 5
2771267 14351 15 5
2172505 12916 15 10
4266327 14480 9 6
2149075 13690 9 7
2645455 14538 9 3
3118799 14409 9 1
3908197 14134 9 10
3184202 14811 9 10
3933054 11982 3 8
2639783 14371 3 10
2125463 12751 3 2
4818863 12138 3 4
4528051 12895 3 8
2100733 11991 3 3
4226474 13084 3 7
3163090 11523 3 7
3462183 14295 3 6
2423564 14527 3 2
